Trait,Incidence,Severity,GY,Biomas,SHW,GW,HI,PY
Incidence,1,0.62,-0.8,-0.8,-0.81,-0.83,-0.86,-0.81
Severity,0.62,1,-0.76,-0.83,-0.78,-0.59,-0.73,-0.78
GY,-0.8,-0.76,1,0.96,0.93,0.74,0.89,0.98
Biomas,-0.8,-0.83,0.96,1,0.94,0.77,0.92,0.96
SHW,-0.81,-0.78,0.93,0.94,1,0.84,0.92,0.94
GW,-0.83,-0.59,0.74,0.77,0.84,1,0.91,0.78
HI,-0.86,-0.73,0.89,0.92,0.92,0.91,1,0.93
PY,-0.81,-0.78,0.98,0.96,0.94,0.78,0.93,1
