Trait,Incidence,Severity,GY,Biomas,SHW,GW,HI,PY
Incidence,1,0.93,-0.89,-0.87,-0.89,-0.86,-0.93,-0.92
Severity,0.93,1,-0.92,-0.93,-0.94,-0.9,-0.98,-0.93
GY,-0.89,-0.92,1,0.96,0.93,0.74,0.89,0.98
Biomas,-0.87,-0.93,0.96,1,0.94,0.77,0.92,0.96
SHW,-0.89,-0.94,0.93,0.94,1,0.84,0.92,0.94
GW,-0.86,-0.9,0.74,0.77,0.84,1,0.91,0.78
HI,-0.93,-0.98,0.89,0.92,0.92,0.91,1,0.93
PY,-0.92,-0.93,0.98,0.96,0.94,0.78,0.93,1
