Trait,Incidence,Severity,GY,Biomas,SHW,GW,HI,PY
Incidence,1,0.29,-0.26,-0.31,-0.39,-0.33,-0.36,-0.24
Severity,0.29,1,-0.47,-0.44,-0.48,-0.55,-0.55,-0.54
GY,-0.26,-0.47,1,0.96,0.93,0.74,0.89,0.98
Biomas,-0.31,-0.44,0.96,1,0.94,0.77,0.92,0.96
SHW,-0.39,-0.48,0.93,0.94,1,0.84,0.92,0.94
GW,-0.33,-0.55,0.74,0.77,0.84,1,0.91,0.78
HI,-0.36,-0.55,0.89,0.92,0.92,0.91,1,0.93
PY,-0.24,-0.54,0.98,0.96,0.94,0.78,0.93,1
